Time	Level	Subject	Variable	Weight	Oxygen	Glucose
4.508	4.62E-06	1	1	1	0.28	16.5
5.275	3.81E-06	1	1	1	0.28	16.5
5.8399	1.16E-05	1	1	1	0.28	16.5
7.2749	1.67E-05	1	1	1	0.28	16.5
8.2928	3.27E-05	1	1	1	0.28	16.5
9.3369	3.71E-05	1	1	1	0.28	16.5
10.3865	5.38E-05	1	1	1	0.28	16.5
11.359	7.80E-05	1	1	1	0.28	16.5
12.6038	1.26E-04	1	1	1	0.28	16.5
13.3784	1.45E-04	1	1	1	0.28	16.5
15.4388	3.01E-04	1	1	1	0.28	16.5
16.444	3.36E-04	1	1	1	0.28	16.5
17.6016	3.46E-04	1	1	1	0.28	16.5
19.616	5.16E-04	1	1	1	0.28	16.5
20.5102	7.08E-04	1	1	1	0.28	16.5
4.4123	2.02E-06	2	1	1	0.28	16.5
5.4469	8.36E-06	2	1	1	0.28	16.5
6.686	1.04E-05	2	1	1	0.28	16.5
7.705	2.16E-05	2	1	1	0.28	16.5
8.8303	2.93E-05	2	1	1	0.28	16.5
9.5346	4.62E-05	2	1	1	0.28	16.5
10.861	9.08E-05	2	1	1	0.28	16.5
11.521	1.10E-04	2	1	1	0.28	16.5
12.9924	1.43E-04	2	1	1	0.28	16.5
13.4644	2.16E-04	2	1	1	0.28	16.5
14.7844	3.18E-04	2	1	1	0.28	16.5
15.718	4.56E-04	2	1	1	0.28	16.5
16.7263	5.84E-04	2	1	1	0.28	16.5
4.0355	1.60E-06	3	1	1	0.07	16.5
4.6282	3.24E-06	3	1	1	0.07	16.5
5.7649	7.23E-06	3	1	1	0.07	16.5
6.7737	8.07E-06	3	1	1	0.07	16.5
7.7229	2.62E-05	3	1	1	0.07	16.5
8.8867	2.92E-05	3	1	1	0.07	16.5
10.0527	3.75E-05	3	1	1	0.07	16.5
10.7565	5.60E-05	3	1	1	0.07	16.5
12.0004	7.38E-05	3	1	1	0.07	16.5
12.8149	7.91E-05	3	1	1	0.07	16.5
15.0316	1.37E-04	3	1	1	0.07	16.5
15.9628	1.53E-04	3	1	1	0.07	16.5
17.1278	1.84E-04	3	1	1	0.07	16.5
19.1798	1.78E-04	3	1	1	0.07	16.5
20.1177	2.93E-04	3	1	1	0.07	16.5
23.2172	3.18E-04	3	1	1	0.07	16.5
4.5425	1.96E-06	4	1	1	0.07	16.5
5.8384	5.71E-06	4	1	1	0.07	16.5
7.8746	2.16E-05	4	1	1	0.07	16.5
9.0934	6.36E-05	4	1	1	0.07	16.5
9.9848	6.62E-05	4	1	1	0.07	16.5
10.9175	8.03E-05	4	1	1	0.07	16.5
12.01	1.30E-04	4	1	1	0.07	16.5
12.9455	1.87E-04	4	1	1	0.07	16.5
15.3543	2.95E-04	4	1	1	0.07	16.5
17.0611	3.47E-04	4	1	1	0.07	16.5
17.9154	3.99E-04	4	1	1	0.07	16.5
19.0807	4.90E-04	4	1	1	0.07	16.5
4.6599	4.54E-06	5	1	1	0.28	0.08
5.7468	6.31E-06	5	1	1	0.28	0.08
6.9919	1.10E-05	5	1	1	0.28	0.08
7.8894	1.90E-05	5	1	1	0.28	0.08
8.9051	3.79E-05	5	1	1	0.28	0.08
9.9564	6.30E-05	5	1	1	0.28	0.08
11.1222	9.66E-05	5	1	1	0.28	0.08
12.2489	1.44E-04	5	1	1	0.28	0.08
13.4149	2.24E-04	5	1	1	0.28	0.08
13.6891	2.83E-04	5	1	1	0.28	0.08
15.1562	2.74E-04	5	1	1	0.28	0.08
16.5893	3.51E-04	5	1	1	0.28	0.08
17.5571	4.02E-04	5	1	1	0.28	0.08
18.6792	4.55E-04	5	1	1	0.28	0.08
20.1895	5.82E-04	5	1	1	0.28	0.08
21.1204	7.35E-04	5	1	1	0.28	0.08
22.2426	8.43E-04	5	1	1	0.28	0.08
23.2465	8.30E-04	5	1	1	0.28	0.08
4.4526	1.96E-06	6	1	1	0.28	0.08
5.6351	8.10E-06	6	1	1	0.28	0.08
6.4907	1.16E-05	6	1	1	0.28	0.08
7.6979	2.09E-05	6	1	1	0.28	0.08
8.4773	3.17E-05	6	1	1	0.28	0.08
9.2978	5.57E-05	6	1	1	0.28	0.08
10.692	7.03E-05	6	1	1	0.28	0.08
11.3167	1.05E-04	6	1	1	0.28	0.08
12.8289	1.50E-04	6	1	1	0.28	0.08
14.5346	2.20E-04	6	1	1	0.28	0.08
15.5006	2.26E-04	6	1	1	0.28	0.08
16.4679	2.52E-04	6	1	1	0.28	0.08
3.9482	1.36E-06	7	1	1	0.07	0.08
4.5346	2.39E-06	7	1	1	0.07	0.08
5.4699	4.51E-06	7	1	1	0.07	0.08
6.7854	4.76E-06	7	1	1	0.07	0.08
7.5631	6.92E-06	7	1	1	0.07	0.08
8.7238	7.21E-06	7	1	1	0.07	0.08
9.8855	8.28E-06	7	1	1	0.07	0.08
10.7391	1.06E-05	7	1	1	0.07	0.08
11.9381	1.06E-05	7	1	1	0.07	0.08
12.7501	1.05E-05	7	1	1	0.07	0.08
15.0716	1.15E-05	7	1	1	0.07	0.08
15.8075	1.29E-05	7	1	1	0.07	0.08
16.7732	1.15E-05	7	1	1	0.07	0.08
16.8119	1.15E-05	7	1	1	0.07	0.08
18.9401	1.27E-05	7	1	1	0.07	0.08
19.9864	1.54E-05	7	1	1	0.07	0.08
23.0417	1.54E-05	7	1	1	0.07	0.08
4.3368	1.60E-06	8	1	1	0.07	0.08
5.7341	2.52E-06	8	1	1	0.07	0.08
7.8705	5.78E-06	8	1	1	0.07	0.08
8.9592	9.77E-06	8	1	1	0.07	0.08
9.8891	1.14E-05	8	1	1	0.07	0.08
10.782	1.54E-05	8	1	1	0.07	0.08
11.7479	1.42E-05	8	1	1	0.07	0.08
12.8712	1.65E-05	8	1	1	0.07	0.08
15.0001	1.95E-05	8	1	1	0.07	0.08
16.8959	2.09E-05	8	1	1	0.07	0.08
18.0161	1.85E-05	8	1	1	0.07	0.08
18.9051	1.77E-05	8	1	1	0.07	0.08
4.324	589.2852	9	2	1	0.28	16.5
6.0639	1478.7054	9	2	1	0.28	16.5
8.1519	4519.2179	9	2	1	0.28	16.5
11.3251	29900.7702	9	2	1	0.28	16.5
13.1763	54890.3296	9	2	1	0.28	16.5
15.6787	88308.0508	9	2	1	0.28	16.5
17.6804	1.25E+05	9	2	1	0.28	16.5
19.3763	2.01E+05	9	2	1	0.28	16.5
23.4113	2.36E+05	9	2	1	0.28	16.5
6.3305	1233.7928	10	2	1	0.28	16.5
8.3418	3833.4186	10	2	1	0.28	16.5
10.1638	14510.8519	10	2	1	0.28	16.5
11.6634	16536.8667	10	2	1	0.28	16.5
15.3292	64621.226	10	2	1	0.28	16.5
17.1798	1.13E+05	10	2	1	0.28	16.5
4.044	318.995	11	2	1	0.07	16.5
5.8542	773.6838	11	2	1	0.07	16.5
7.7799	3342.6526	11	2	1	0.07	16.5
10.9381	11803.7456	11	2	1	0.07	16.5
12.5941	19920.0557	11	2	1	0.07	16.5
15.0591	22567.4721	11	2	1	0.07	16.5
17.1389	32249.7772	11	2	1	0.07	16.5
18.9106	41778.629	11	2	1	0.07	16.5
22.762	41307.0347	11	2	1	0.07	16.5
4.5062	558.3672	12	2	1	0.07	16.5
7.8955	4648.4966	12	2	1	0.07	16.5
11.1307	16684.4143	12	2	1	0.07	16.5
12.9409	36650.492	12	2	1	0.07	16.5
17.1389	67780.9052	12	2	1	0.07	16.5
19.1417	90693.4529	12	2	1	0.07	16.5
4.1342	600.5145	13	2	1	0.28	0.08
7.8047	2864.0735	13	2	1	0.28	0.08
9.8136	6624.7709	13	2	1	0.28	0.08
12.2492	26418.2366	13	2	1	0.28	0.08
13.8694	28585.6672	13	2	1	0.28	0.08
16.1465	42282.8362	13	2	1	0.28	0.08
19.9271	53703.8585	13	2	1	0.28	0.08
23.1686	81920.8836	13	2	1	0.28	0.08
5.8329	904.3031	14	2	1	0.28	0.08
6.2587	1299.7698	14	2	1	0.28	0.08
8.4236	4396.062	14	2	1	0.28	0.08
10.0078	8917.347	14	2	1	0.28	0.08
11.3994	19017.3119	14	2	1	0.28	0.08
15.4133	37726.5476	14	2	1	0.28	0.08
17.0738	62742.9165	14	2	1	0.28	0.08
4.011	334.2422	15	2	1	0.07	0.08
5.708	859.0105	15	2	1	0.07	0.08
7.7906	1117.4848	15	2	1	0.07	0.08
10.8375	4414.3963	15	2	1	0.07	0.08
12.9201	3668.765	15	2	1	0.07	0.08
15.0413	3481.8195	15	2	1	0.07	0.08
16.9311	3144.7792	15	2	1	0.07	0.08
18.9365	3828.6371	15	2	1	0.07	0.08
22.7934	3811.1737	15	2	1	0.07	0.08
4.5124	587.284	16	2	1	0.07	0.08
7.9835	2243.0815	16	2	1	0.07	0.08
10.9146	7760.2668	16	2	1	0.07	0.08
15.697	12907.3804	16	2	1	0.07	0.08
17.1625	10558.3767	16	2	1	0.07	0.08
18.9365	6731.1497	16	2	1	0.07	0.08
